2.906119789258809760e-12
2.490452288839151151e-12
2.170708057747106068e-12
1.911359959194669500e-12
1.573852159708621912e-12
1.325162202192586847e-12
1.119104808822157793e-12
9.983125437429407611e-13
8.917311333789257333e-13
7.602807272633071989e-13
6.110667527536861598e-13
3.623767952376510948e-13
1.953992523340275511e-13
-9.947598300641402602e-14
-3.552713678800500929e-13
-7.425171588693046942e-13
-9.805489753489382565e-13
-1.435296326235402375e-12
-1.705302565824240446e-12
-1.968203378055477515e-12
-2.369660023759934120e-12
-2.923883357652812265e-12
-3.424815986363682896e-12
-3.744560217455727980e-12
-3.979039320256561041e-12
-4.174438572590588592e-12
-4.291678123991005123e-12
-4.433786671143025160e-12
-4.629185923477052711e-12
-4.739320047519868240e-12
-4.856559598920284770e-12
-4.895639449387090281e-12
-4.948930154569097795e-12
-5.002220859751105309e-12
-5.027089855502708815e-12
-5.009326287108706310e-12
-4.941824727211496793e-12
-4.824585175811080262e-12
-4.728661906483466737e-12
-4.661160346586257219e-12
-4.668265773943858221e-12
-4.714451051768264733e-12
-4.781952611665474251e-12
-4.824585175811080262e-12
-4.909850304102292284e-12
-5.123013124830322340e-12
-5.343281372915953398e-12
-5.453415496958768927e-12
-5.545786052607581951e-12
-5.559996907322783954e-12
-5.595524044110788964e-12
-5.659472890329197980e-12
-5.695000027117202990e-12
-5.702105454474803992e-12
-5.684341886080801487e-12
-5.670131031365599483e-12
-5.609734898825990967e-12
-5.510258915819576941e-12
-5.424993787528364919e-12
-5.346834086594753899e-12
-5.268674385661142878e-12
-5.190514684727531858e-12
-5.098144129078718834e-12
-4.980904577678302303e-12
-4.870770453635486774e-12
-4.771294470629072748e-12
-4.579447931973845698e-12
-4.408917675391421653e-12
-4.078515303262975067e-12
-3.780087354243732989e-12
-3.520739255691296421e-12
-3.176126028847647831e-12
-2.721378677961183712e-12
-2.444267011014744639e-12
-2.025046796916285530e-12
-1.765698698363848962e-12
-1.445954467271803878e-12
-9.556799795973347500e-13
-5.080380560684716329e-13
-7.105427357601001859e-14
3.232969447708455846e-13
8.313350008393172175e-13
1.410427330483798869e-12
1.790567694115452468e-12
2.302158463862724602e-12
2.717825964282383211e-12
3.144151605738443322e-12
3.588240815588505939e-12
3.815614491031737998e-12
4.025224598080967553e-12
4.401812248033820651e-12
4.781952611665474251e-12
5.151434834260726348e-12
5.520917056855978444e-12
5.748290732299210504e-12
5.943689984633238055e-12
6.117772954894462600e-12
6.295408638834487647e-12
6.462386181738111190e-12
6.668443575108540244e-12
6.792788553866557777e-12
6.870948254800168797e-12
6.899369964230572805e-12
6.913580818945774809e-12
6.906475391588173807e-12
6.863842827442567796e-12
6.767919558114954270e-12
6.608047442568931729e-12
6.508571459562517703e-12
6.405542762877303176e-12
6.313172207228490151e-12
6.270539643082884140e-12
6.203038083185674623e-12
6.114220241215662099e-12
5.936584557275637053e-12
5.730527163905207999e-12
5.424993787528364919e-12
5.076827847005915828e-12
4.870770453635486774e-12
4.767741756950272247e-12
4.696687483374262229e-12
4.600764214046648704e-12
4.451550239537027664e-12
4.359179683888214640e-12
4.213518423057394102e-12
4.035882739117369056e-12
3.741007503776927479e-12
3.460343123151687905e-12
3.215205879314453341e-12
2.906119789258809760e-12
